1 딸기연유라떼 480 415 4900 25
2 레몬라임블라스트 465 235 4500 26
3 밀크쉐이크 300 480 5100 28
4 복숭아아이스티 460 125 2000 29
5 샤인머스캣말랑블라스트 480 300 5300 30
6 설향딸기블라스트 465 250 4500 22
7 스위스미스핫초코 245 285 2500 28
8 아몬드봉봉블라스트 371 590 5100 3
9 엄마는외계인블라스트 362 605 5100 4
10 오레오쉐이크 297 620 5100 6
11 와츄원쉐이크 300 450 5100 5
12 카푸치노블라스트리얼샷 480 375 4800 14
13 카푸치노블라스트모카 352 380 4900 13
14 카푸치노블라스트오리지널 330 315 4500 20
15 허니레몬티 315 200 3500 21
16 어니버터아몬드블라스트 420 540 5100 31
17 홈런볼블라스트 381 555 4800 30
18 바닐라빈라떼 280 270 3500 24
19 아메리카노 280 10 2500 2
20 아메리카노(L) 345 15 3000 8
21 아이스바닐라빈라떼 443 240 3500 7
22 아이스아메리카노 453 10 2500 1
23 아이스아메리카노(L) 518 15 3000 10
24 아이스연유라떼 458 310 3500 10
25 아이스카라멜마끼아또 458 205 3500 11
26 아이스카페라떼 448 120 3000 23
27 아이스카페모카 470 215 3500 12
28 에스프레소아포가토 195 330 5400 18
29 연유라떼 260 285 3500 19
30 연유크러쉬라떼 458 285 3800 18
31 카라멜마끼아또 275 230 3500 15
32 카페라떼 260 145 3000 16
33 카페모카 288 250 3500 17